SM:2020-09-26T09:58:49.2726395Z
LM:2020-09-26T10:42:11.0816497Z
CT:image/jpeg
MA:2592000
