SM:2020-09-26T09:58:49.2846402Z
LM:2020-09-26T09:58:59.7612924Z
CT:image/jpeg
MA:2592000
