SM:2020-09-26T09:58:49.2646391Z
LM:2020-09-26T09:58:59.7674188Z
CT:image/jpeg
MA:2592000
