SM:2020-09-26T09:58:49.2766398Z
LM:2020-09-26T09:58:59.7984095Z
CT:image/jpeg
MA:2592000
