SM:2020-09-26T09:58:49.2726395Z
LM:2020-09-26T09:58:59.7549251Z
CT:image/jpeg
MA:2592000
