SM:2020-09-26T09:58:49.2806400Z
LM:2020-09-26T09:58:59.7802428Z
CT:image/jpeg
MA:2592000
