SM:2020-09-26T09:58:49.2646391Z
LM:2020-09-26T10:42:11.0743832Z
CT:image/jpeg
MA:2592000
