SM:2020-09-26T09:58:49.2846402Z
LM:2020-09-26T10:42:11.1561865Z
CT:image/jpeg
MA:2592000
