SM:2020-09-26T09:58:49.2766398Z
LM:2020-09-26T10:42:11.3155336Z
CT:image/jpeg
MA:2592000
